2020-05-08 21:44:01.888724
litecoin = 44.13 eur
ripple = 0.203084 eur
ethereum = 196.51 eur
bitcoin-cash = 242.09 eur
bitcoin = 9169.49 eur
eos = 2.55 eur
**************************************************
2020-05-08 21:44:08.870123
ethereum = 196.51 eur
bitcoin-cash = 242.09 eur
bitcoin = 9169.49 eur
ripple = 0.203084 eur
litecoin = 44.13 eur
eos = 2.55 eur
**************************************************
